MEMORY_INITIALIZATION_RADIX=2;
MEMORY_INITIALIZATION_VECTOR=
0001001001111111,
0001001001111111,
0001001001111111,
0001001001111111,
0001001001111111,
0001001001111111,
0001001001111111,
0001001001111111,
0001001001111111,
0001001001111111,
0001001011110100,
1111101100100000,
1111110000100001,
1111000100100010,
0010101100000000,
0001101100000010,
1001101100000110,
1001110000000100,
1001010011000000,
1001010110110000,
0110000000101000,
0001001111111111,
0011001100000110,
0001101100000001,
0101000000010000,
1000101100100000,
1000110000100001,
1000000100100010,
0001001000001100,
0111000100000000,
0010011100000000,
0001011100000010,
0100001100000111,
1001001100000101,
0111000100000000,
0001011100000100,
0010100100000000,
0001100100000010,
0011010100000111,
1010010001011000,
0100100000001001,
1110010001000101,
0101000000111000,
1110010101010100,
0101000000111000,
1001001100000100,
0111000100000000;